"t","X1","X2","X3","X4","X5","CV4","CV2","CV1","CV3"
"0.0","X1_E","X2_A","X3_C","X4_D","X5_A","CV4_B","CV2_A","CV1_B","CV3_B"
"0.002355467283690277","X1_E","X2_A","X3_C","X4_C","X5_A","CV4_B","CV2_A","CV1_B","CV3_B"
"0.009108310714286808","X1_D","X2_A","X3_C","X4_C","X5_A","CV4_B","CV2_A","CV1_B","CV3_B"
"0.016167815330279514","X1_D","X2_C","X3_C","X4_C","X5_A","CV4_B","CV2_A","CV1_B","CV3_B"
"0.025981254330441954","X1_B","X2_C","X3_C","X4_C","X5_A","CV4_B","CV2_A","CV1_B","CV3_B"
"0.032027169609788894","X1_C","X2_C","X3_C","X4_C","X5_A","CV4_B","CV2_A","CV1_B","CV3_B"
"0.03302425673623482","X1_D","X2_C","X3_C","X4_C","X5_A","CV4_B","CV2_A","CV1_B","CV3_B"
"0.04483843599319345","X1_D","X2_C","X3_C","X4_D","X5_A","CV4_B","CV2_A","CV1_B","CV3_B"
"0.06411155351417124","X1_D","X2_C","X3_C","X4_D","X5_C","CV4_B","CV2_A","CV1_B","CV3_B"
"0.09178889576115026","X1_E","X2_C","X3_C","X4_D","X5_C","CV4_B","CV2_A","CV1_B","CV3_B"
"0.11688587545696011","X1_A","X2_C","X3_C","X4_D","X5_C","CV4_B","CV2_A","CV1_B","CV3_B"
"0.14730837102380379","X1_A","X2_C","X3_C","X4_D","X5_E","CV4_B","CV2_A","CV1_B","CV3_B"
"0.18983035989242722","X1_A","X2_C","X3_C","X4_B","X5_E","CV4_B","CV2_A","CV1_B","CV3_B"
"0.19728731715874975","X1_A","X2_C","X3_C","X4_C","X5_E","CV4_B","CV2_A","CV1_B","CV3_B"
"0.22035259852987343","X1_A","X2_C","X3_C","X4_B","X5_E","CV4_B","CV2_A","CV1_B","CV3_B"
"0.26712769862505004","X1_E","X2_C","X3_C","X4_B","X5_E","CV4_B","CV2_A","CV1_B","CV3_B"
"0.27574658845366024","X1_C","X2_C","X3_C","X4_B","X5_E","CV4_B","CV2_A","CV1_B","CV3_B"
"0.28045011752575777","X1_E","X2_C","X3_C","X4_B","X5_E","CV4_B","CV2_A","CV1_B","CV3_B"
"0.31318122627162553","X1_D","X2_C","X3_C","X4_B","X5_E","CV4_B","CV2_A","CV1_B","CV3_B"
"0.35774724559664034","X1_C","X2_C","X3_C","X4_B","X5_E","CV4_B","CV2_A","CV1_B","CV3_B"
"0.36712807303313877","X1_B","X2_C","X3_C","X4_B","X5_E","CV4_B","CV2_A","CV1_B","CV3_B"
"0.3805848589023024","X1_D","X2_C","X3_C","X4_B","X5_E","CV4_B","CV2_A","CV1_B","CV3_B"
"0.381589429514963","X1_A","X2_C","X3_C","X4_B","X5_E","CV4_B","CV2_A","CV1_B","CV3_B"
"0.4109086889595869","X1_E","X2_C","X3_C","X4_B","X5_E","CV4_B","CV2_A","CV1_B","CV3_B"
"0.4336300774208152","X1_D","X2_C","X3_C","X4_B","X5_E","CV4_B","CV2_A","CV1_B","CV3_B"
"0.44728196342832444","X1_E","X2_C","X3_C","X4_B","X5_E","CV4_B","CV2_A","CV1_B","CV3_B"
"0.4505422077292565","X1_D","X2_C","X3_C","X4_B","X5_E","CV4_B","CV2_A","CV1_B","CV3_B"
"0.5086142737262541","X1_D","X2_C","X3_C","X4_D","X5_E","CV4_B","CV2_A","CV1_B","CV3_B"
"0.5150831181832684","X1_D","X2_C","X3_C","X4_A","X5_E","CV4_B","CV2_A","CV1_B","CV3_B"
"0.5382303403900064","X1_D","X2_C","X3_C","X4_E","X5_E","CV4_B","CV2_A","CV1_B","CV3_B"
"0.5458208522880335","X1_D","X2_C","X3_C","X4_A","X5_E","CV4_B","CV2_A","CV1_B","CV3_B"
"0.5664187342199036","X1_D","X2_C","X3_C","X4_C","X5_E","CV4_B","CV2_A","CV1_B","CV3_B"
"0.6160471064140378","X1_D","X2_C","X3_C","X4_A","X5_E","CV4_B","CV2_A","CV1_B","CV3_B"
"0.7002221259087053","X1_D","X2_C","X3_E","X4_A","X5_E","CV4_B","CV2_A","CV1_B","CV3_B"
"0.7538054419638436","X1_D","X2_C","X3_D","X4_A","X5_E","CV4_B","CV2_A","CV1_B","CV3_B"
"0.758260564718933","X1_D","X2_C","X3_B","X4_A","X5_E","CV4_B","CV2_A","CV1_B","CV3_B"
"0.7728318496718906","X1_D","X2_C","X3_A","X4_A","X5_E","CV4_B","CV2_A","CV1_B","CV3_B"
"0.788667451742185","X1_D","X2_C","X3_D","X4_A","X5_E","CV4_B","CV2_A","CV1_B","CV3_B"
"0.8175653175020635","X1_D","X2_C","X3_B","X4_A","X5_E","CV4_B","CV2_A","CV1_B","CV3_B"
"0.85376841354259","X1_D","X2_C","X3_A","X4_A","X5_E","CV4_B","CV2_A","CV1_B","CV3_B"
"0.8540647036641993","X1_D","X2_C","X3_C","X4_A","X5_E","CV4_B","CV2_A","CV1_B","CV3_B"
"0.8833996275417617","X1_D","X2_C","X3_D","X4_A","X5_E","CV4_B","CV2_A","CV1_B","CV3_B"
"0.9048499509977843","X1_D","X2_C","X3_E","X4_A","X5_E","CV4_B","CV2_A","CV1_B","CV3_B"
"0.9134035072067035","X1_D","X2_C","X3_D","X4_A","X5_E","CV4_B","CV2_A","CV1_B","CV3_B"
"0.94966644240133","X1_D","X2_C","X3_C","X4_A","X5_E","CV4_B","CV2_A","CV1_B","CV3_B"
"0.9681057728697797","X1_D","X2_C","X3_A","X4_A","X5_E","CV4_B","CV2_A","CV1_B","CV3_B"
"1.02077525493955","X1_D","X2_C","X3_E","X4_A","X5_E","CV4_B","CV2_A","CV1_B","CV3_B"
"1.0881362220879989","X1_D","X2_C","X3_C","X4_A","X5_E","CV4_B","CV2_A","CV1_B","CV3_B"
"1.0957329840167835","X1_D","X2_C","X3_B","X4_A","X5_E","CV4_B","CV2_A","CV1_B","CV3_B"
"1.0972843668733097","X1_D","X2_C","X3_A","X4_A","X5_E","CV4_B","CV2_A","CV1_B","CV3_B"
"1.1750679758171634","X1_D","X2_C","X3_C","X4_A","X5_E","CV4_B","CV2_A","CV1_B","CV3_B"
"1.2030673331230861","X1_D","X2_C","X3_E","X4_A","X5_E","CV4_B","CV2_A","CV1_B","CV3_B"
"1.20437793115944","X1_D","X2_C","X3_A","X4_A","X5_E","CV4_B","CV2_A","CV1_B","CV3_B"
"1.2179812773256455","X1_D","X2_C","X3_D","X4_A","X5_E","CV4_B","CV2_A","CV1_B","CV3_B"
"1.2239194892524572","X1_D","X2_C","X3_B","X4_A","X5_E","CV4_B","CV2_A","CV1_B","CV3_B"
"1.3243844825944882","X1_D","X2_C","X3_A","X4_A","X5_E","CV4_B","CV2_A","CV1_B","CV3_B"
"1.386866589691121","X1_D","X2_C","X3_D","X4_A","X5_E","CV4_B","CV2_A","CV1_B","CV3_B"
"1.42184848690057","X1_D","X2_C","X3_B","X4_A","X5_E","CV4_B","CV2_A","CV1_B","CV3_B"
"1.4650659910738226","X1_D","X2_C","X3_A","X4_A","X5_E","CV4_B","CV2_A","CV1_B","CV3_B"
"1.5177323911195895","X1_D","X2_C","X3_E","X4_A","X5_E","CV4_B","CV2_A","CV1_B","CV3_B"
"1.5205611693495469","X1_D","X2_C","X3_D","X4_A","X5_E","CV4_B","CV2_A","CV1_B","CV3_B"
"1.523288697567249","X1_D","X2_C","X3_B","X4_A","X5_E","CV4_B","CV2_A","CV1_B","CV3_B"
"1.6240215730915573","X1_C","X2_C","X3_B","X4_A","X5_E","CV4_B","CV2_A","CV1_B","CV3_B"
"1.6605556775034085","X1_B","X2_C","X3_B","X4_A","X5_E","CV4_B","CV2_A","CV1_B","CV3_B"
"1.6716990378941112","X1_C","X2_C","X3_B","X4_A","X5_E","CV4_B","CV2_A","CV1_B","CV3_B"
"1.7409754317848471","X1_B","X2_C","X3_B","X4_A","X5_E","CV4_B","CV2_A","CV1_B","CV3_B"
"1.786784342785256","X1_D","X2_C","X3_B","X4_A","X5_E","CV4_B","CV2_A","CV1_B","CV3_B"
"1.81184515077376","X1_A","X2_C","X3_B","X4_A","X5_E","CV4_B","CV2_A","CV1_B","CV3_B"
"1.848805268319424","X1_C","X2_C","X3_B","X4_A","X5_E","CV4_B","CV2_A","CV1_B","CV3_B"
"1.8658860890173692","X1_B","X2_C","X3_B","X4_A","X5_E","CV4_B","CV2_A","CV1_B","CV3_B"
"1.9204985311739162","X1_C","X2_C","X3_B","X4_A","X5_E","CV4_B","CV2_A","CV1_B","CV3_B"
"1.9694626696374307","X1_B","X2_C","X3_B","X4_A","X5_E","CV4_B","CV2_A","CV1_B","CV3_B"
"1.9968949361168908","X1_D","X2_C","X3_B","X4_A","X5_E","CV4_B","CV2_A","CV1_B","CV3_B"
"2.0015348987382002","X1_C","X2_C","X3_B","X4_A","X5_E","CV4_B","CV2_A","CV1_B","CV3_B"
"2.0120707341001705","X1_B","X2_C","X3_B","X4_A","X5_E","CV4_B","CV2_A","CV1_B","CV3_B"
"2.015286275332539","X1_D","X2_C","X3_B","X4_A","X5_E","CV4_B","CV2_A","CV1_B","CV3_B"
"2.0203253082527253","X1_E","X2_C","X3_B","X4_A","X5_E","CV4_B","CV2_A","CV1_B","CV3_B"
"2.0229576811383136","X1_A","X2_C","X3_B","X4_A","X5_E","CV4_B","CV2_A","CV1_B","CV3_B"
"2.0760852805534054","X1_E","X2_C","X3_B","X4_A","X5_E","CV4_B","CV2_A","CV1_B","CV3_B"
"2.0760985389183166","X1_D","X2_C","X3_B","X4_A","X5_E","CV4_B","CV2_A","CV1_B","CV3_B"
"2.1511274266299805","X1_E","X2_C","X3_B","X4_A","X5_E","CV4_B","CV2_A","CV1_B","CV3_B"
"2.1678757085276015","X1_D","X2_C","X3_B","X4_A","X5_E","CV4_B","CV2_A","CV1_B","CV3_B"
"2.274465149379091","X1_B","X2_C","X3_B","X4_A","X5_E","CV4_B","CV2_A","CV1_B","CV3_B"
"2.3073784042603154","X1_C","X2_C","X3_B","X4_A","X5_E","CV4_B","CV2_A","CV1_B","CV3_B"
"2.3426583721194456","X1_D","X2_C","X3_B","X4_A","X5_E","CV4_B","CV2_A","CV1_B","CV3_B"
"2.3471466979131033","X1_E","X2_C","X3_B","X4_A","X5_E","CV4_B","CV2_A","CV1_B","CV3_B"
"2.354800346209125","X1_B","X2_C","X3_B","X4_A","X5_E","CV4_B","CV2_A","CV1_B","CV3_B"
"2.4009751597221802","X1_D","X2_C","X3_B","X4_A","X5_E","CV4_B","CV2_A","CV1_B","CV3_B"
"2.448477362181758","X1_E","X2_C","X3_B","X4_A","X5_E","CV4_B","CV2_A","CV1_B","CV3_B"
"2.4523896782780126","X1_C","X2_C","X3_B","X4_A","X5_E","CV4_B","CV2_A","CV1_B","CV3_B"
"2.4549842128119534","X1_A","X2_C","X3_B","X4_A","X5_E","CV4_B","CV2_A","CV1_B","CV3_B"
"2.4946417939116574","X1_D","X2_C","X3_B","X4_A","X5_E","CV4_B","CV2_A","CV1_B","CV3_B"
"2.547540804371083","X1_E","X2_C","X3_B","X4_A","X5_E","CV4_B","CV2_A","CV1_B","CV3_B"
"2.558184039892979","X1_A","X2_C","X3_B","X4_A","X5_E","CV4_B","CV2_A","CV1_B","CV3_B"
"2.612796944779339","X1_D","X2_C","X3_B","X4_A","X5_E","CV4_B","CV2_A","CV1_B","CV3_B"
"2.6968040709135277","X1_E","X2_C","X3_B","X4_A","X5_E","CV4_B","CV2_A","CV1_B","CV3_B"
"2.707884098747217","X1_D","X2_C","X3_B","X4_A","X5_E","CV4_B","CV2_A","CV1_B","CV3_B"
"2.8245693791193975","X1_E","X2_C","X3_B","X4_A","X5_E","CV4_B","CV2_A","CV1_B","CV3_B"
"2.9048714360160166","X1_B","X2_C","X3_B","X4_A","X5_E","CV4_B","CV2_A","CV1_B","CV3_B"
"2.937380184294209","X1_E","X2_C","X3_B","X4_A","X5_E","CV4_B","CV2_A","CV1_B","CV3_B"
"3.030363965094893","X1_B","X2_C","X3_B","X4_A","X5_E","CV4_B","CV2_A","CV1_B","CV3_B"
"3.13896725062946","X1_C","X2_C","X3_B","X4_A","X5_E","CV4_B","CV2_A","CV1_B","CV3_B"
"3.174955898755699","X1_A","X2_C","X3_B","X4_A","X5_E","CV4_B","CV2_A","CV1_B","CV3_B"
"3.187451420366555","X1_C","X2_C","X3_B","X4_A","X5_E","CV4_B","CV2_A","CV1_B","CV3_B"
"3.198036144566306","X1_D","X2_C","X3_B","X4_A","X5_E","CV4_B","CV2_A","CV1_B","CV3_B"
"3.2982391556879915","X1_E","X2_C","X3_B","X4_A","X5_E","CV4_B","CV2_A","CV1_B","CV3_B"
"3.3336094051741387","X1_B","X2_C","X3_B","X4_A","X5_E","CV4_B","CV2_A","CV1_B","CV3_B"
"3.378476566878799","X1_E","X2_C","X3_B","X4_A","X5_E","CV4_B","CV2_A","CV1_B","CV3_B"
"3.4068220380293077","X1_C","X2_C","X3_B","X4_A","X5_E","CV4_B","CV2_A","CV1_B","CV3_B"
"3.424268500257778","X1_E","X2_C","X3_B","X4_A","X5_E","CV4_B","CV2_A","CV1_B","CV3_B"
"3.4268828412225694","X1_C","X2_C","X3_B","X4_A","X5_E","CV4_B","CV2_A","CV1_B","CV3_B"
"3.436509897067529","X1_B","X2_C","X3_B","X4_A","X5_E","CV4_B","CV2_A","CV1_B","CV3_B"
"3.523993331881303","X1_D","X2_C","X3_B","X4_A","X5_E","CV4_B","CV2_A","CV1_B","CV3_B"
"3.5260312703942724","X1_C","X2_C","X3_B","X4_A","X5_E","CV4_B","CV2_A","CV1_B","CV3_B"
"3.54466589375344","X1_A","X2_C","X3_B","X4_A","X5_E","CV4_B","CV2_A","CV1_B","CV3_B"
"3.5762001378791153","X1_E","X2_C","X3_B","X4_A","X5_E","CV4_B","CV2_A","CV1_B","CV3_B"
"3.619955767301905","X1_B","X2_C","X3_B","X4_A","X5_E","CV4_B","CV2_A","CV1_B","CV3_B"
"3.6380670709648335","X1_C","X2_C","X3_B","X4_A","X5_E","CV4_B","CV2_A","CV1_B","CV3_B"
"3.690991666795518","X1_E","X2_C","X3_B","X4_A","X5_E","CV4_B","CV2_A","CV1_B","CV3_B"
"3.724500496266882","X1_D","X2_C","X3_B","X4_A","X5_E","CV4_B","CV2_A","CV1_B","CV3_B"
"3.825358235624955","X1_E","X2_C","X3_B","X4_A","X5_E","CV4_B","CV2_A","CV1_B","CV3_B"
"3.8940820228383375","X1_B","X2_C","X3_B","X4_A","X5_E","CV4_B","CV2_A","CV1_B","CV3_B"
"3.9168811894185547","X1_A","X2_C","X3_B","X4_A","X5_E","CV4_B","CV2_A","CV1_B","CV3_B"
"3.9246540826514056","X1_C","X2_C","X3_B","X4_A","X5_E","CV4_B","CV2_A","CV1_B","CV3_B"
"3.959411333034972","X1_E","X2_C","X3_B","X4_A","X5_E","CV4_B","CV2_A","CV1_B","CV3_B"
"4.035299382783493","X1_D","X2_C","X3_B","X4_A","X5_E","CV4_B","CV2_A","CV1_B","CV3_B"
"4.07441228430091","X1_C","X2_C","X3_B","X4_A","X5_E","CV4_B","CV2_A","CV1_B","CV3_B"
"4.0926135351211705","X1_E","X2_C","X3_B","X4_A","X5_E","CV4_B","CV2_A","CV1_B","CV3_B"
"4.105028103428726","X1_C","X2_C","X3_B","X4_A","X5_E","CV4_B","CV2_A","CV1_B","CV3_B"
"4.180433024530791","X1_B","X2_C","X3_B","X4_A","X5_E","CV4_B","CV2_A","CV1_B","CV3_B"
"4.303985963245431","X1_B","X2_C","X3_B","X4_C","X5_E","CV4_B","CV2_A","CV1_B","CV3_B"
"4.3447815048487675","X1_B","X2_C","X3_B","X4_D","X5_E","CV4_B","CV2_A","CV1_B","CV3_B"
"4.373701726946675","X1_B","X2_C","X3_B","X4_C","X5_E","CV4_B","CV2_A","CV1_B","CV3_B"
"4.484609567150284","X1_B","X2_C","X3_B","X4_D","X5_E","CV4_B","CV2_A","CV1_B","CV3_B"
"4.489001513326337","X1_B","X2_C","X3_B","X4_B","X5_E","CV4_B","CV2_A","CV1_B","CV3_B"
"4.547282121244836","X1_B","X2_C","X3_B","X4_E","X5_E","CV4_B","CV2_A","CV1_B","CV3_B"
"4.591303886797733","X1_B","X2_C","X3_B","X4_B","X5_E","CV4_B","CV2_A","CV1_B","CV3_B"
"4.602795278187998","X1_B","X2_C","X3_B","X4_A","X5_E","CV4_B","CV2_A","CV1_B","CV3_B"
"4.614602970387409","X1_B","X2_C","X3_B","X4_E","X5_E","CV4_B","CV2_A","CV1_B","CV3_B"
"4.682345586950463","X1_B","X2_C","X3_B","X4_C","X5_E","CV4_B","CV2_A","CV1_B","CV3_B"
"4.7676359245828746","X1_B","X2_C","X3_B","X4_E","X5_E","CV4_B","CV2_A","CV1_B","CV3_B"
"4.793867789127565","X1_B","X2_C","X3_B","X4_D","X5_E","CV4_B","CV2_A","CV1_B","CV3_B"
"4.817442623252597","X1_B","X2_C","X3_B","X4_C","X5_E","CV4_B","CV2_A","CV1_B","CV3_B"
"4.953351223458348","X1_B","X2_C","X3_D","X4_C","X5_E","CV4_B","CV2_A","CV1_B","CV3_B"
"4.9814133458448735","X1_B","X2_C","X3_B","X4_C","X5_E","CV4_B","CV2_A","CV1_B","CV3_B"
"4.997332066476633","X1_B","X2_C","X3_C","X4_C","X5_E","CV4_B","CV2_A","CV1_B","CV3_B"
"5.019314035416379","X1_B","X2_C","X3_D","X4_C","X5_E","CV4_B","CV2_A","CV1_B","CV3_B"
"5.0470916074441305","X1_B","X2_C","X3_B","X4_C","X5_E","CV4_B","CV2_A","CV1_B","CV3_B"
"5.098398920864161","X1_B","X2_C","X3_D","X4_C","X5_E","CV4_B","CV2_A","CV1_B","CV3_B"
"5.114488892969208","X1_B","X2_C","X3_B","X4_C","X5_E","CV4_B","CV2_A","CV1_B","CV3_B"
"5.138205910190518","X1_B","X2_C","X3_D","X4_C","X5_E","CV4_B","CV2_A","CV1_B","CV3_B"
"5.148279516602941","X1_B","X2_C","X3_C","X4_C","X5_E","CV4_B","CV2_A","CV1_B","CV3_B"
"5.181945208965454","X1_B","X2_C","X3_B","X4_C","X5_E","CV4_B","CV2_A","CV1_B","CV3_B"
"5.19204879050757","X1_B","X2_C","X3_C","X4_C","X5_E","CV4_B","CV2_A","CV1_B","CV3_B"
"5.210242426992254","X1_B","X2_C","X3_A","X4_C","X5_E","CV4_B","CV2_A","CV1_B","CV3_B"
"5.233465689528517","X1_B","X2_C","X3_D","X4_C","X5_E","CV4_B","CV2_A","CV1_B","CV3_B"
"5.288346379003988","X1_B","X2_C","X3_A","X4_C","X5_E","CV4_B","CV2_A","CV1_B","CV3_B"
"5.2956774879646344","X1_B","X2_C","X3_E","X4_C","X5_E","CV4_B","CV2_A","CV1_B","CV3_B"
"5.304428624495869","X1_B","X2_C","X3_B","X4_C","X5_E","CV4_B","CV2_A","CV1_B","CV3_B"
"5.446276362008719","X1_B","X2_C","X3_B","X4_C","X5_B","CV4_B","CV2_A","CV1_B","CV3_B"
"5.487830748025266","X1_B","X2_C","X3_B","X4_C","X5_D","CV4_B","CV2_A","CV1_B","CV3_B"
"5.570304622883414","X1_B","X2_C","X3_B","X4_C","X5_B","CV4_B","CV2_A","CV1_B","CV3_B"
"5.5765037363223335","X1_B","X2_C","X3_B","X4_C","X5_A","CV4_B","CV2_A","CV1_B","CV3_B"
"5.578150204775044","X1_B","X2_C","X3_B","X4_C","X5_E","CV4_B","CV2_A","CV1_B","CV3_B"
"5.724591962485115","X1_B","X2_C","X3_B","X4_C","X5_D","CV4_B","CV2_A","CV1_B","CV3_B"
"5.785471302007857","X1_B","X2_C","X3_B","X4_C","X5_B","CV4_B","CV2_A","CV1_B","CV3_B"
"5.79037206810622","X1_B","X2_C","X3_B","X4_C","X5_C","CV4_B","CV2_A","CV1_B","CV3_B"
"5.9496905406491996","X1_C","X2_C","X3_B","X4_C","X5_C","CV4_B","CV2_A","CV1_B","CV3_B"
"5.961281244083887","X1_E","X2_C","X3_B","X4_C","X5_C","CV4_B","CV2_A","CV1_B","CV3_B"
"6.01082219559287","X1_B","X2_C","X3_B","X4_C","X5_C","CV4_B","CV2_A","CV1_B","CV3_B"
"6.0823142293123675","X1_E","X2_C","X3_B","X4_C","X5_C","CV4_B","CV2_A","CV1_B","CV3_B"
"6.08703353008079","X1_D","X2_C","X3_B","X4_C","X5_C","CV4_B","CV2_A","CV1_B","CV3_B"
"6.105418433536663","X1_E","X2_C","X3_B","X4_C","X5_C","CV4_B","CV2_A","CV1_B","CV3_B"
"6.119481876513383","X1_B","X2_C","X3_B","X4_C","X5_C","CV4_B","CV2_A","CV1_B","CV3_B"
"6.13755622151765","X1_D","X2_C","X3_B","X4_C","X5_C","CV4_B","CV2_A","CV1_B","CV3_B"
"6.168486448898133","X1_C","X2_C","X3_B","X4_C","X5_C","CV4_B","CV2_A","CV1_B","CV3_B"
"6.191398260572011","X1_E","X2_C","X3_B","X4_C","X5_C","CV4_B","CV2_A","CV1_B","CV3_B"
"6.222386956864139","X1_B","X2_C","X3_B","X4_C","X5_C","CV4_B","CV2_A","CV1_B","CV3_B"
"6.284569532770263","X1_D","X2_C","X3_B","X4_C","X5_C","CV4_B","CV2_A","CV1_B","CV3_B"
"6.398223116746099","X1_A","X2_C","X3_B","X4_C","X5_C","CV4_B","CV2_A","CV1_B","CV3_B"
"6.399514076716709","X1_E","X2_C","X3_B","X4_C","X5_C","CV4_B","CV2_A","CV1_B","CV3_B"
"6.458320771681765","X1_B","X2_C","X3_B","X4_C","X5_C","CV4_B","CV2_A","CV1_B","CV3_B"
"6.53655593129863","X1_D","X2_C","X3_B","X4_C","X5_C","CV4_B","CV2_A","CV1_B","CV3_B"
"6.547305485379909","X1_E","X2_C","X3_B","X4_C","X5_C","CV4_B","CV2_A","CV1_B","CV3_B"
"6.550449872943149","X1_B","X2_C","X3_B","X4_C","X5_C","CV4_B","CV2_A","CV1_B","CV3_B"
"6.559624544359924","X1_E","X2_C","X3_B","X4_C","X5_C","CV4_B","CV2_A","CV1_B","CV3_B"
"6.56777921891341","X1_C","X2_C","X3_B","X4_C","X5_C","CV4_B","CV2_A","CV1_B","CV3_B"
"6.594501258065792","X1_E","X2_C","X3_B","X4_C","X5_C","CV4_B","CV2_A","CV1_B","CV3_B"
"6.603748902813999","X1_B","X2_C","X3_B","X4_C","X5_C","CV4_B","CV2_A","CV1_B","CV3_B"
"6.627098835190372","X1_E","X2_C","X3_B","X4_C","X5_C","CV4_B","CV2_A","CV1_B","CV3_B"
"6.627597519574734","X1_B","X2_C","X3_B","X4_C","X5_C","CV4_B","CV2_A","CV1_B","CV3_B"
"6.631341063760711","X1_C","X2_C","X3_B","X4_C","X5_C","CV4_B","CV2_A","CV1_B","CV3_B"
"6.796918821645534","X1_B","X2_C","X3_B","X4_C","X5_C","CV4_B","CV2_A","CV1_B","CV3_B"
"6.802208831331974","X1_C","X2_C","X3_B","X4_C","X5_C","CV4_B","CV2_A","CV1_B","CV3_B"
"6.807614360214985","X1_A","X2_C","X3_B","X4_C","X5_C","CV4_B","CV2_A","CV1_B","CV3_B"
"6.813104492845083","X1_C","X2_C","X3_B","X4_C","X5_C","CV4_B","CV2_A","CV1_B","CV3_B"
"6.896879906515454","X1_B","X2_C","X3_B","X4_C","X5_C","CV4_B","CV2_A","CV1_B","CV3_B"
"6.9202653212264895","X1_E","X2_C","X3_B","X4_C","X5_C","CV4_B","CV2_A","CV1_B","CV3_B"
"6.93766095251456","X1_B","X2_C","X3_B","X4_C","X5_C","CV4_B","CV2_A","CV1_B","CV3_B"
"6.9516195603998066","X1_D","X2_C","X3_B","X4_C","X5_C","CV4_B","CV2_A","CV1_B","CV3_B"
"7.0513053098099086","X1_E","X2_C","X3_B","X4_C","X5_C","CV4_B","CV2_A","CV1_B","CV3_B"
"7.100380053992859","X1_B","X2_C","X3_B","X4_C","X5_C","CV4_B","CV2_A","CV1_B","CV3_B"
"7.158546633588099","X1_E","X2_C","X3_B","X4_C","X5_C","CV4_B","CV2_A","CV1_B","CV3_B"
"7.180304320653805","X1_D","X2_C","X3_B","X4_C","X5_C","CV4_B","CV2_A","CV1_B","CV3_B"
"7.215640698937702","X1_E","X2_C","X3_B","X4_C","X5_C","CV4_B","CV2_A","CV1_B","CV3_B"
"7.241052077896784","X1_D","X2_C","X3_B","X4_C","X5_C","CV4_B","CV2_A","CV1_B","CV3_B"
"7.409749485087024","X1_D","X2_C","X3_E","X4_C","X5_C","CV4_B","CV2_A","CV1_B","CV3_B"
"7.461333101929455","X1_D","X2_C","X3_C","X4_C","X5_C","CV4_B","CV2_A","CV1_B","CV3_B"
"7.492288077758182","X1_D","X2_C","X3_D","X4_C","X5_C","CV4_B","CV2_A","CV1_B","CV3_B"
"7.55034031295338","X1_D","X2_C","X3_E","X4_C","X5_C","CV4_B","CV2_A","CV1_B","CV3_B"
"7.611820427656379","X1_D","X2_C","X3_C","X4_C","X5_C","CV4_B","CV2_A","CV1_B","CV3_B"
"7.647553848823676","X1_D","X2_C","X3_A","X4_C","X5_C","CV4_B","CV2_A","CV1_B","CV3_B"
"7.745016777121208","X1_D","X2_C","X3_B","X4_C","X5_C","CV4_B","CV2_A","CV1_B","CV3_B"
"7.800442079327074","X1_D","X2_C","X3_E","X4_C","X5_C","CV4_B","CV2_A","CV1_B","CV3_B"
"7.941502094251441","X1_D","X2_C","X3_D","X4_C","X5_C","CV4_B","CV2_A","CV1_B","CV3_B"
"7.999723189180547","X1_D","X2_C","X3_B","X4_C","X5_C","CV4_B","CV2_A","CV1_B","CV3_B"
"8.05310931725542","X1_D","X2_C","X3_E","X4_C","X5_C","CV4_B","CV2_A","CV1_B","CV3_B"
"8.056341460229907","X1_D","X2_C","X3_C","X4_C","X5_C","CV4_B","CV2_A","CV1_B","CV3_B"
"8.085464365982318","X1_D","X2_C","X3_A","X4_C","X5_C","CV4_B","CV2_A","CV1_B","CV3_B"
"8.101291834973773","X1_D","X2_C","X3_D","X4_C","X5_C","CV4_B","CV2_A","CV1_B","CV3_B"
"8.116048076254181","X1_D","X2_C","X3_B","X4_C","X5_C","CV4_B","CV2_A","CV1_B","CV3_B"
"8.13123049116558","X1_D","X2_C","X3_A","X4_C","X5_C","CV4_B","CV2_A","CV1_B","CV3_B"
"8.185499495482748","X1_D","X2_C","X3_C","X4_C","X5_C","CV4_B","CV2_A","CV1_B","CV3_B"
"8.236698639920697","X1_D","X2_C","X3_D","X4_C","X5_C","CV4_B","CV2_A","CV1_B","CV3_B"
"8.251639439121286","X1_D","X2_C","X3_C","X4_C","X5_C","CV4_B","CV2_A","CV1_B","CV3_B"
"8.31671212666496","X1_D","X2_C","X3_B","X4_C","X5_C","CV4_B","CV2_A","CV1_B","CV3_B"
"8.409614048367045","X1_D","X2_C","X3_A","X4_C","X5_C","CV4_B","CV2_A","CV1_B","CV3_B"
"8.540208845679208","X1_D","X2_C","X3_C","X4_C","X5_C","CV4_B","CV2_A","CV1_B","CV3_B"
"8.61391517653317","X1_D","X2_C","X3_B","X4_C","X5_C","CV4_B","CV2_A","CV1_B","CV3_B"
"8.689111394191459","X1_D","X2_C","X3_E","X4_C","X5_C","CV4_B","CV2_A","CV1_B","CV3_B"
"8.691521896758257","X1_D","X2_C","X3_B","X4_C","X5_C","CV4_B","CV2_A","CV1_B","CV3_B"
"8.844678448404922","X1_D","X2_C","X3_A","X4_C","X5_C","CV4_B","CV2_A","CV1_B","CV3_B"
"8.868127578630833","X1_D","X2_C","X3_C","X4_C","X5_C","CV4_B","CV2_A","CV1_B","CV3_B"
"8.969850968639564","X1_D","X2_C","X3_B","X4_C","X5_C","CV4_B","CV2_A","CV1_B","CV3_B"
"8.981177468691683","X1_D","X2_C","X3_A","X4_C","X5_C","CV4_B","CV2_A","CV1_B","CV3_B"
"9.002743717338863","X1_D","X2_C","X3_C","X4_C","X5_C","CV4_B","CV2_A","CV1_B","CV3_B"
"9.010868122707691","X1_D","X2_C","X3_A","X4_C","X5_C","CV4_B","CV2_A","CV1_B","CV3_B"
"9.15857515936147","X1_D","X2_C","X3_C","X4_C","X5_C","CV4_B","CV2_A","CV1_B","CV3_B"
"9.193041235044738","X1_D","X2_C","X3_E","X4_C","X5_C","CV4_B","CV2_A","CV1_B","CV3_B"
"9.19351536896666","X1_D","X2_C","X3_C","X4_C","X5_C","CV4_B","CV2_A","CV1_B","CV3_B"
"9.22315293153153","X1_D","X2_C","X3_D","X4_C","X5_C","CV4_B","CV2_A","CV1_B","CV3_B"
"9.34467333399041","X1_D","X2_C","X3_E","X4_C","X5_C","CV4_B","CV2_A","CV1_B","CV3_B"
"9.402452205379232","X1_D","X2_C","X3_C","X4_C","X5_C","CV4_B","CV2_A","CV1_B","CV3_B"
"9.435463779101097","X1_D","X2_C","X3_A","X4_C","X5_C","CV4_B","CV2_A","CV1_B","CV3_B"
"9.541118753259418","X1_D","X2_C","X3_E","X4_C","X5_C","CV4_B","CV2_A","CV1_B","CV3_B"
"9.690986029810263","X1_D","X2_C","X3_B","X4_C","X5_C","CV4_B","CV2_A","CV1_B","CV3_B"
"9.777313816991496","X1_D","X2_C","X3_A","X4_C","X5_C","CV4_B","CV2_A","CV1_B","CV3_B"
"9.851477443789499","X1_D","X2_C","X3_B","X4_C","X5_C","CV4_B","CV2_A","CV1_B","CV3_B"
"9.857860508127194","X1_D","X2_C","X3_A","X4_C","X5_C","CV4_B","CV2_A","CV1_B","CV3_B"
"9.864927214012429","X1_D","X2_C","X3_B","X4_C","X5_C","CV4_B","CV2_A","CV1_B","CV3_B"
"9.87324630615755","X1_D","X2_C","X3_A","X4_C","X5_C","CV4_B","CV2_A","CV1_B","CV3_B"
"9.878055801708756","X1_D","X2_C","X3_B","X4_C","X5_C","CV4_B","CV2_A","CV1_B","CV3_B"
"9.89985324652681","X1_D","X2_C","X3_E","X4_C","X5_C","CV4_B","CV2_A","CV1_B","CV3_B"
"9.934050945753116","X1_D","X2_C","X3_D","X4_C","X5_C","CV4_B","CV2_A","CV1_B","CV3_B"
"10.043712838844868","X1_D","X2_C","X3_C","X4_C","X5_C","CV4_B","CV2_A","CV1_B","CV3_B"
